35
32
33
35
37
34
36
35
33
47
48
53
46
55
60
72
59
58
99
82
86
96
94
103
100
114
104
114
103
118
109
115
115
113
112
49
57
55
53
57
40
41
37
42
27
32
25
25
24
24
26
24
22
26
27
26
22
22
25
25
21
33
32
28
27
30
39
34
38
36
56
41
54
47
48
49
41
46
52
52
56
56
51
48
46
45
50
50
76
64
90
68
59
69
60
62
49
56
51
55
51
49
46
48
56
48
49
63
50
78
56
55
63
82
77
83
95
80
74
74
80
93
84
77
80
74
72
69
81
92
93
83
79
80
74
73
76
75
78
24
22
22
23
24
15
14
14
14
9
8
9
8
8
9
9
7
8
8
8
8
8
8
9
11
9
9
9
10
9
9
12
14
13
12
16
17
15
17
27
26
26
23
22
27
24
27
26
26
20
29
22
13
15
14
14
12
9
9
10
10
9
8
7
10
6
7
6
6
9
7
7
8
6
8
8
7
8
8
7
8
8
8
11
12
13
11
14
15
14
15
16
26
20
27
27
20
25
27
25
21
23
21
18
15
16
14
15
14
10
10
12
12
10
8
8
8
7
8
8
7
84
89
85
72
89
101
99
88
99
98
72
81
97
97
77
91
83
79
97
83
78
94
77
81
95
82
16
16
15
14
15
12
12
13
13
10
11
11
10
10
11
9
11
12
11
9
12
11
10
11
11
9
10
10
10
10
11
11
11
11
8
11
13
13
13
18
18
18
21
19
18
18
21
19
19
21
18
19
7
13
6
7
7
4
7
5
4
3
4
3
3
4
3
4
4
5
3
3
4
3
3
3
2
4
3
4
4
3
4
4
4
4
4
4
13
3
4
4
8
12
9
8
9
9
13
15
16
11
14
11
9
7
6
7
10
6
6
7
6
5
5
7
5
4
3
4
3
5
5
4
3
4
3
3
5
4
